%YAML:1.0
---
image_width: 960
image_height: 544
camera_matrix: !!opencv-matrix
   rows: 3
   cols: 3
   dt: f
   data: [ 9.38346375e+02, 0., 4.80159241e+02, 0., 9.29198547e+02,
       2.82332092e+02, 0., 0., 1. ]
distortion_coefficients: !!opencv-matrix
   rows: 1
   cols: 5
   dt: f
   data: [ 2.15459093e-01, -1.53093863e+00, -5.07696578e-03,
       6.14671130e-03, 3.05674005e+00 ]
